O(1)
10 200.0
110 180.0
210 190.0
310 180.0
410 190.0
510 180.0
610 190.0
710 190.0
810 180.0
910 190.0
1010 180.0
1110 190.0
1210 190.0
1310 180.0
1410 190.0
1510 190.0
1610 180.0
1710 190.0
1810 180.0
1910 190.0
2010 190.0
2110 180.0
2210 190.0
2310 190.0
2410 180.0
2510 190.0
2610 190.0
2710 180.0
2810 190.0
2910 180.0
3010 190.0
3110 180.0
3210 190.0
3310 190.0
3410 180.0
3510 190.0
3610 180.0
3710 180.0
3810 190.0
3910 180.0
4010 190.0
4110 190.0
4210 180.0
4310 180.0
4410 180.0
4510 190.0
4610 190.0
4710 180.0
4810 190.0
4910 190.0
5010 180.0
5110 190.0
5210 180.0
5310 190.0
5410 180.0
5510 190.0
5610 190.0
5710 180.0
5810 190.0
5910 190.0
6010 180.0
6110 190.0
6210 190.0
6310 180.0
6410 190.0
6510 180.0
6610 190.0
6710 190.0
6810 180.0
6910 180.0
7010 190.0
7110 190.0
7210 180.0
7310 190.0
7410 190.0
7510 180.0
7610 180.0
7710 180.0
7810 190.0
7910 190.0
8010 180.0
8110 190.0
8210 190.0
8310 190.0
8410 190.0
8510 180.0
8610 190.0
8710 190.0
8810 190.0
8910 190.0
9010 180.0
9110 180.0
9210 190.0
9310 190.0
9410 190.0
9510 180.0
9610 180.0
9710 180.0
9810 190.0
9910 190.0
