O(n^2 log n)
34 31.261
39 43.092
44 58.279
49 69.402
54 85.223
59 106.875
64 126.214
69 143.23
74 167.579
79 193.888
84 225.697
89 246.004
94 296.73
99 329.128
104 372.149
109 413.552
114 473.248
119 503.818
124 555.068
129 585.561
134 637.089
139 701.315
144 798.859
149 843.067
154 890.383
159 956.161
164 1040.365
169 1102.99
174 1196.956
179 1311.953
184 1449.368
189 1458.94
194 1621.393
199 1619.962
204 1759.273
209 1854.511
214 1968.874
219 2121.492
224 2301.916
229 2279.758
234 2449.08
239 2616.186
244 2685.23
249 2795.784
254 2996.228
259 2982.749
264 3111.746
269 3247.755
274 3354.658
279 3607.267
284 3647.219
289 3907.229
294 4021.848
299 4153.763
