O(n^2)
34 0.089
134 0.76
234 1.445
334 2.933
434 5.008
534 7.692
634 10.94
734 14.274
834 18.84
934 23.534
1034 28.63
1134 34.862
1234 40.788
1334 47.782
1434 54.809
1534 62.81
1634 71.086
1734 79.948
1834 89.34
1934 99.465
2034 109.515
2134 120.289
2234 131.184
2334 144.029
2434 156.04
2534 169.119
2634 182.308
2734 196.256
2834 210.583
2934 225.883
3034 241.551
3134 257.257
3234 274.128
3334 291.089
3434 308.889
3534 327.04
3634 346.043
3734 365.158
3834 385.165
3934 405.247
4034 426.228
4134 447.276
4234 472.78
4334 494.214
4434 519.302
4534 538.562
4634 561.288
4734 585.405
4834 611.465
4934 636.536
5034 662.347
5134 688.659
5234 716.543
5334 743.685
5434 771.559
5534 801.174
5634 829.25
5734 860.126
5834 889.141
5934 919.914
6034 950.829
6134 983.018
6234 1014.896
6334 1048.154
6434 1081.008
6534 1115.426
6634 1149.895
6734 1185.505
6834 1219.942
6934 1256.557
7034 1292.808
7134 1338.246
7234 1368.16
7334 1414.499
7434 1449.312
7534 1484.492
7634 1523.042
7734 1563.109
7834 1603.487
7934 1644.975
8034 1686.382
8134 1729.23
8234 1770.767
8334 1815.009
8434 1858.475
8534 1903.074
8634 1947.374
8734 1992.645
8834 2038.509
8934 2084.824
