O(n^3)
11 0.051
21 0.275
31 0.847
41 1.912
51 3.65
61 6.251
71 9.88
81 14.44
91 20.552
101 27.924
111 37.004
121 47.5
131 60.14
141 74.789
151 91.611
161 110.905
171 132.814
181 157.162
191 186.738
201 217.286
211 248.447
221 284.955
231 325.454
241 369.314
251 416.502
261 468.125
271 524.136
281 583.567
291 648.174
301 717.849
311 790.999
321 868.982
331 952.716
341 1041.786
351 1136.05
361 1235.318
371 1340.596
381 1451.667
391 1569.237
401 1691.857
411 1821.478
421 1958.233
431 2099.319
441 2248.919
451 2409.139
461 2568.275
471 2737.64
481 2915.927
491 3110.724
